1.000000000 0.000000000 0.000000000 0.000000000 0.000000000 1.000000000 0.000000000 0.000000000 0.000000000 0.000000000 1.000000000 0.000000000
0.999996066 0.000765854 0.002683470 -0.012648594 -0.000765444 0.999999702 -0.000153506 -0.027889436 -0.002683587 0.000151452 0.999996364 1.583127260
0.999982834 0.001590260 0.005638949 -0.025322620 -0.001594033 0.999998450 0.000664707 -0.051619105 -0.005637884 -0.000673684 0.999983907 3.163904190
0.999964476 0.000629990 0.008405096 -0.033319417 -0.000644667 0.999998271 0.001743553 -0.077945217 -0.008403981 -0.001748910 0.999963164 4.733291149
0.999950111 -0.000316479 0.009982222 -0.025351718 0.000292650 0.999997079 0.002388535 -0.104324207 -0.009982949 -0.002385494 0.999947309 6.320744991
0.999928951 -0.001981830 0.011746926 -0.021093458 0.001952185 0.999994874 0.002534560 -0.130839542 -0.011751891 -0.002511448 0.999927819 7.896942139
0.999905407 -0.002043246 0.013600093 -0.022386581 0.002007873 0.999994576 0.002614086 -0.143219322 -0.013605363 -0.002586531 0.999904096 9.488342285
0.999879658 -0.002483276 0.015311825 -0.011716306 0.002446445 0.999994099 0.002423686 -0.169570029 -0.015317754 -0.002385935 0.999879837 11.071751595
0.999852598 -0.002678185 0.016958391 0.005020306 0.002667989 0.999996245 0.000623841 -0.190715194 -0.016960001 -0.000578505 0.999855936 12.632311821
0.999820590 -0.000987192 0.018912062 0.013023555 0.000982252 0.999999464 0.000270454 -0.215319157 -0.018912317 -0.000251829 0.999821067 14.191941261
0.999788523 -0.000390339 0.020566510 0.033542782 0.000356751 0.999998569 0.001636819 -0.243686929 -0.020567121 -0.001629136 0.999787092 15.757403374
0.999764204 -0.000269821 0.021713819 0.056539536 0.000231150 0.999998331 0.001783470 -0.269118309 -0.021714266 -0.001778030 0.999762654 17.314874649
0.999736965 -0.000370928 0.022930749 0.081171125 0.000371406 0.999999940 -0.000016585 -0.298872858 -0.022930743 0.000025097 0.999737024 18.863050461
0.999716699 -0.001063000 0.023778610 0.107348055 0.001110201 0.999997437 -0.001971883 -0.325972378 -0.023776451 0.001997724 0.999715269 20.412307739
0.999691486 -0.001529997 0.024789115 0.133597225 0.001587822 0.999996066 -0.002313179 -0.353328019 -0.024785478 0.002351826 0.999690056 21.947114944
0.999668539 -0.001265720 0.025714939 0.158425272 0.001281088 0.999998987 -0.000581187 -0.384476155 -0.025714181 0.000613937 0.999669075 23.487150192
0.999647856 -0.001206655 0.026508043 0.185518444 0.001159550 0.999997675 0.001792321 -0.411177665 -0.026510144 -0.001760952 0.999647021 25.028543472
0.999614298 -0.001305170 0.027741292 0.206607699 0.001223772 0.999994874 0.002950952 -0.436418146 -0.027744997 -0.002915866 0.999610782 26.559686661
0.999596894 -0.002161071 0.028307850 0.242298484 0.002091061 0.999994695 0.002502550 -0.459080338 -0.028313110 -0.002442348 0.999596059 28.086641312
0.999571323 -0.003240576 0.029095974 0.277890205 0.003204625 0.999994040 0.001282108 -0.485737950 -0.029099952 -0.001188317 0.999575794 29.615667343
0.999542594 -0.002458387 0.030143047 0.305387318 0.002461850 0.999996901 -0.000077760 -0.512224019 -0.030142769 0.000151932 0.999545574 31.133481979
0.999503613 -0.001712357 0.031456679 0.337598264 0.001756898 0.999997497 -0.001388352 -0.542854786 -0.031454220 0.001442930 0.999504149 32.638561249
0.999436915 0.000044715 0.033553042 0.365489364 0.000046923 0.999996245 -0.002730359 -0.573692441 -0.033553045 0.002730396 0.999433219 34.142749786
0.999339342 0.000795481 0.036334500 0.398209155 -0.000693710 0.999995828 -0.002813468 -0.604957223 -0.036336586 0.002786404 0.999335706 35.649227142
0.999269843 0.001485982 0.038176410 0.443531096 -0.001378164 0.999994934 -0.002850371 -0.637269974 -0.038180448 0.002795676 0.999266922 37.164573669
0.999204755 0.001114015 0.039857104 0.496457696 -0.001054631 0.999998271 -0.001510920 -0.676300108 -0.039858721 0.001467684 0.999204218 38.645854950
0.999124289 0.001473530 0.041813206 0.538324833 -0.001474533 0.999998927 -0.000006869 -0.703274131 -0.041813172 -0.000054792 0.999125421 40.158248901
0.999024689 0.001306167 0.044136297 0.598547816 -0.001337997 0.999998868 0.000691632 -0.730645955 -0.044135351 -0.000750012 0.999025285 41.629928589
0.998908639 0.001881900 0.046669502 0.653753161 -0.001965939 0.999996603 0.001754882 -0.756155968 -0.046666034 -0.001844716 0.998908877 43.122360229
0.998765290 0.001596019 0.049650826 0.710510731 -0.001649967 0.999998093 0.001045596 -0.784289956 -0.049649063 -0.001126228 0.998766005 44.590114594
0.998661816 0.001819001 0.051683806 0.770146847 -0.001838211 0.999998331 0.000324144 -0.811156690 -0.051683132 -0.000418717 0.998663366 46.062873840
