1.000000000 0.000000000 0.000000000 0.000000000 0.000000000 1.000000000 0.000000000 0.000000000 0.000000000 0.000000000 1.000000000 0.000000000
0.999999344 -0.001136527 -0.000233637 0.008128609 0.001136092 0.999997616 -0.001856037 -0.009126974 0.000235746 0.001855770 0.999998271 1.126431823
0.999996483 0.002647311 0.000207598 -0.005577982 -0.002647586 0.999995589 0.001341062 -0.043226656 -0.000204047 -0.001341607 0.999999106 2.241323709
0.999995649 0.002886216 0.000600816 -0.012522412 -0.002889185 0.999983311 0.005001100 -0.054558825 -0.000586372 -0.005002816 0.999987304 3.365688562
0.999993205 0.003665562 0.000393022 -0.009016845 -0.003668241 0.999968410 0.007047247 -0.061996646 -0.000367178 -0.007048640 0.999975026 4.474365234
0.999993026 0.003718776 0.000055566 -0.007176269 -0.003719110 0.999958515 0.008311471 -0.075214267 -0.000024655 -0.008311621 0.999965429 5.602388859
0.999995768 0.002885211 -0.000285064 -0.001353341 -0.002882984 0.999967515 0.007520923 -0.085274152 0.000306754 -0.007520071 0.999971628 6.716554642
0.999994695 0.003247089 -0.000313264 -0.011169574 -0.003244971 0.999973297 0.006540306 -0.095932126 0.000334492 -0.006539254 0.999978542 7.832051754
0.999992132 0.003911096 -0.000638341 -0.006303692 -0.003907402 0.999976158 0.005689919 -0.109040797 0.000660580 -0.005687379 0.999983609 8.951204300
0.999990940 0.004192103 -0.000654838 -0.010569243 -0.004188555 0.999976993 0.005329782 -0.113845684 0.000677166 -0.005326991 0.999985576 10.043133736
0.999987304 0.004931193 -0.001007572 -0.007890857 -0.004925144 0.999970376 0.005919761 -0.120642625 0.001036733 -0.005914724 0.999981940 11.152004242
0.999988317 0.004768441 -0.000814868 -0.007428649 -0.004762823 0.999965727 0.006764854 -0.133192539 0.000847098 -0.006760892 0.999976754 12.253634453
0.999977052 0.006666454 -0.001162967 -0.004747477 -0.006659163 0.999958813 0.006163603 -0.144625127 0.001204008 -0.006155717 0.999980330 13.353786469
0.999986708 0.004966854 -0.001403675 -0.001793558 -0.004958721 0.999971211 0.005739540 -0.155378133 0.001432142 -0.005732503 0.999982536 14.449001312
0.999984324 0.005133796 -0.002243036 0.005956724 -0.005119076 0.999965549 0.006519730 -0.160777926 0.002276430 -0.006508145 0.999976218 15.556393623
0.999981940 0.005781801 -0.001649262 -0.002898309 -0.005768609 0.999952137 0.007894767 -0.180728510 0.001694829 -0.007885112 0.999967456 16.633430481
0.999982119 0.005631936 -0.002004396 -0.003188487 -0.005615191 0.999950051 0.008264291 -0.186001211 0.002050840 -0.008252891 0.999963760 17.715740204
0.999995053 0.002518507 -0.001871159 -0.004841128 -0.002502142 0.999959052 0.008697568 -0.192276865 0.001892988 -0.008692843 0.999960363 18.785936356
0.999992967 0.003147403 -0.002036177 -0.007048704 -0.003130587 0.999961376 0.008209528 -0.203239560 0.002061936 -0.008203096 0.999964237 19.851089478
0.999987423 0.004289412 -0.002601019 -0.008275267 -0.004276489 0.999978602 0.004953419 -0.212670237 0.002622211 -0.004942233 0.999984324 20.923282623
0.999990225 0.003313525 -0.002898910 -0.008556575 -0.003304392 0.999989569 0.003149815 -0.223013431 0.002909317 -0.003140205 0.999990821 21.984556198
0.999979258 0.005810832 -0.002760732 -0.015184931 -0.005796337 0.999969482 0.005229636 -0.235953078 0.002791037 -0.005213525 0.999982476 23.050642014
0.999961376 0.008396510 -0.002589941 -0.021067578 -0.008378105 0.999940157 0.007037075 -0.251283675 0.002648873 -0.007015105 0.999971867 24.112430573
0.999940872 0.010612415 -0.002377459 -0.030386588 -0.010593706 0.999913871 0.007748335 -0.263299972 0.002459483 -0.007722691 0.999967098 25.180406570
0.999919951 0.012458019 -0.002198675 -0.033601873 -0.012439204 0.999887586 0.008373625 -0.264337480 0.002302747 -0.008345603 0.999962509 26.238693237
0.999891758 0.014451156 -0.002758480 -0.038422152 -0.014430867 0.999869704 0.007238477 -0.271082342 0.002862725 -0.007197887 0.999969959 27.299360275
0.999841392 0.017462691 -0.003492121 -0.048276786 -0.017445492 0.999835789 0.004896201 -0.280770868 0.003577048 -0.004834503 0.999981940 28.358804703
0.999801457 0.019503130 -0.004078905 -0.060707584 -0.019487465 0.999802768 0.003846182 -0.288102150 0.004153113 -0.003765933 0.999984324 29.425237656
0.999739289 0.022386825 -0.004483943 -0.066467211 -0.022359785 0.999732018 0.005991912 -0.302647084 0.004616881 -0.005890090 0.999971986 30.490833282
0.999689043 0.024497563 -0.004662854 -0.078957677 -0.024459638 0.999668539 0.008024268 -0.314027220 0.004857884 -0.007907720 0.999956906 31.559665680
0.999621749 0.026926789 -0.005593922 -0.090850815 -0.026880996 0.999605894 0.008105748 -0.320354819 0.005809979 -0.007952313 0.999951482 32.632598877
0.999616146 0.026872823 -0.006734449 -0.096795142 -0.026824992 0.999615073 0.007094661 -0.322959840 0.006922510 -0.006911286 0.999952078 33.711524963
0.999618053 0.026409000 -0.008135034 -0.103491396 -0.026351122 0.999627233 0.007141253 -0.333117247 0.008320593 -0.006924157 0.999941409 34.785701752
0.999606311 0.026684241 -0.008673082 -0.119270951 -0.026615044 0.999613762 0.007998687 -0.342995346 0.008883172 -0.007764704 0.999930382 35.867290497
0.999602079 0.026577495 -0.009454137 -0.130222097 -0.026501328 0.999615967 0.008092624 -0.350195825 0.009665588 -0.007838856 0.999922574 36.955551147
0.999588907 0.027171243 -0.009151350 -0.143664464 -0.027100040 0.999602258 0.007816774 -0.352078557 0.009360101 -0.007565559 0.999927580 38.046932220
0.999577880 0.028033363 -0.007631003 -0.160867870 -0.027966753 0.999571025 0.008699926 -0.357839644 0.007871618 -0.008482839 0.999933004 39.131553650
0.999577522 0.028411511 -0.006131813 -0.164092273 -0.028348144 0.999546170 0.010185227 -0.364796460 0.006418408 -0.010007097 0.999929249 40.248394012
0.999554992 0.029584959 -0.003816267 -0.170060754 -0.029544698 0.999511361 0.010206155 -0.369293839 0.004116350 -0.010088863 0.999940574 41.356101990
0.999573410 0.029171782 -0.001399090 -0.171342015 -0.029157406 0.999530852 0.009379087 -0.375423729 0.001672038 -0.009334292 0.999954998 42.464584351
0.999625325 0.027360246 0.000812065 -0.170952827 -0.027365955 0.999592304 0.008136599 -0.378107131 -0.000589114 -0.008155775 0.999966502 43.577247620
0.999651313 0.026205331 0.003223374 -0.160600916 -0.026232602 0.999617755 0.008733427 -0.382597566 -0.002993280 -0.008814941 0.999956667 44.687908173
0.999670386 0.025052974 0.005597869 -0.158051401 -0.025104484 0.999641299 0.009329414 -0.388584673 -0.005362133 -0.009466873 0.999940753 45.809906006
0.999675512 0.024188919 0.007984940 -0.151742160 -0.024263401 0.999661684 0.009366265 -0.392332286 -0.007755680 -0.009556968 0.999924242 46.934085846
0.999651968 0.024451315 0.009897852 -0.137501448 -0.024532929 0.999665380 0.008210186 -0.395242244 -0.009693788 -0.008450152 0.999917269 48.059429169
0.999693871 0.021604432 0.012054899 -0.125683844 -0.021695344 0.999736726 0.007462441 -0.399114341 -0.011890507 -0.007721691 0.999899507 49.198574066
0.999689877 0.021254349 0.012978541 -0.101426601 -0.021354267 0.999742985 0.007609524 -0.407992542 -0.012813469 -0.007884311 0.999886811 50.346199036
0.999746561 0.017119259 0.014621906 -0.081470847 -0.017243166 0.999816120 0.008390686 -0.413084567 -0.014475576 -0.008640689 0.999857843 51.490432739
0.999767005 0.015265496 0.015261627 -0.060584188 -0.015378163 0.999855101 0.007292483 -0.420165479 -0.015148094 -0.007525481 0.999856889 52.631935120
0.999781072 0.014244735 0.015329215 -0.036483586 -0.014291817 0.999893427 0.002966253 -0.435316980 -0.015285330 -0.003184687 0.999878109 53.776309967
0.999781311 0.013388800 0.016066067 -0.020095766 -0.013381891 0.999910295 -0.000537519 -0.442334056 -0.016071819 0.000322407 0.999870777 54.923900604
0.999730587 0.015572480 0.017217979 -0.002479792 -0.015590670 0.999877989 0.000922649 -0.454317898 -0.017201513 -0.001190840 0.999851286 56.066459656
0.999702990 0.016482491 0.017958628 0.020812511 -0.016552998 0.999855757 0.003784415 -0.466855705 -0.017893665 -0.004080560 0.999831557 57.218105316
0.999706984 0.016113387 0.018064873 0.039446473 -0.016197855 0.999858499 0.004539108 -0.481370628 -0.017989174 -0.004830389 0.999826550 58.369071960
0.999729633 0.015119905 0.017663496 0.067784190 -0.015202519 0.999873996 0.004552247 -0.496812850 -0.017592438 -0.004819546 0.999833643 59.512519836
0.999770701 0.013066475 0.016959304 0.089896381 -0.013132882 0.999906480 0.003810292 -0.503288507 -0.016907932 -0.004032144 0.999848843 60.655376434
0.999803901 0.011671778 0.016005302 0.107339621 -0.011744307 0.999921083 0.004445042 -0.519862652 -0.015952155 -0.004632142 0.999862015 61.800346375
0.999841154 0.010527393 0.014384258 0.130573034 -0.010597987 0.999932051 0.004840199 -0.524238706 -0.014332327 -0.004991874 0.999884784 62.957885742
0.999855518 0.011761005 0.012276491 0.149802804 -0.011815296 0.999920726 0.004359089 -0.539667606 -0.012224250 -0.004503509 0.999915063 64.113578796
0.999867320 0.012719678 0.010169256 0.167424560 -0.012760689 0.999910653 0.003978260 -0.552446365 -0.010117744 -0.004107499 0.999940395 65.259712219
0.999857366 0.014601615 0.008478520 0.175138414 -0.014649250 0.999877155 0.005583628 -0.562026501 -0.008395947 -0.005707036 0.999948442 66.409523010
0.999835074 0.016937202 0.006550380 0.184248269 -0.016985975 0.999827862 0.007463886 -0.571047902 -0.006422834 -0.007573921 0.999950647 67.556770325
0.999806523 0.019229874 0.004110933 0.196290687 -0.019260453 0.999786139 0.007534101 -0.579010665 -0.003965175 -0.007611823 0.999963224 68.713287354
0.999739885 0.022666154 0.002540904 0.185502946 -0.022679344 0.999728739 0.005286750 -0.580489635 -0.002420384 -0.005343000 0.999982774 69.843017578
0.999698162 0.024566544 0.000183933 0.195317537 -0.024567053 0.999691606 0.003662116 -0.582879543 -0.000093911 -0.003665529 0.999993205 71.002777100
0.999666572 0.025637027 -0.003073768 0.233578369 -0.025627447 0.999666691 0.003117932 -0.595801890 0.003152678 -0.003038120 0.999990404 72.246604919
0.999603927 0.027649758 -0.005238842 0.236123890 -0.027641151 0.999616444 0.001708292 -0.598783910 0.005284065 -0.001562808 0.999984801 73.422508240
0.999583602 0.028007384 -0.006947458 0.225725651 -0.028002001 0.999607444 0.000870668 -0.612951458 0.006969115 -0.000675762 0.999975443 74.568229675
0.999553919 0.028673172 -0.008353150 0.212561071 -0.028659536 0.999587774 0.001747614 -0.622354329 0.008399816 -0.001507437 0.999963582 75.721138000
0.999534070 0.028762044 -0.010217194 0.207482934 -0.028722467 0.999579430 0.003999326 -0.639863849 0.010327927 -0.003704000 0.999939740 76.887680054
0.999515653 0.028729307 -0.011957342 0.198869586 -0.028673887 0.999577343 0.004780828 -0.646326780 0.012089638 -0.004435649 0.999917030 78.052955627
0.999500573 0.028680531 -0.013262877 0.183264136 -0.028606063 0.999574125 0.005770807 -0.663247108 0.013422737 -0.005388526 0.999895394 79.213661194
0.999487936 0.028340777 -0.014848509 0.168426037 -0.028260287 0.999584973 0.005602915 -0.669876575 0.015001135 -0.005180424 0.999874055 80.373344421
0.999462962 0.028063597 -0.016920205 0.156336308 -0.027951682 0.999586105 0.006815049 -0.679379880 0.017104456 -0.006338442 0.999833584 81.536308289
0.999465704 0.027410328 -0.017803026 0.125564575 -0.027252652 0.999587715 0.009039639 -0.687725663 0.018043460 -0.008549631 0.999800563 82.714668274
0.999467492 0.025480023 -0.020380834 0.112957478 -0.025264526 0.999623001 0.010761830 -0.694722056 0.020647358 -0.010241187 0.999734402 83.884719849
0.999492466 0.023765612 -0.021210102 0.072288156 -0.023523638 0.999656141 0.011586084 -0.698637545 0.021478159 -0.011081264 0.999707937 85.040977478
0.999462783 0.022866625 -0.023476167 0.066896439 -0.022625858 0.999689102 0.010470649 -0.689427614 0.023708297 -0.009933856 0.999669492 86.207229614
0.999368966 0.023600347 -0.026543604 0.048145056 -0.023368828 0.999686420 0.008998923 -0.691211045 0.026747657 -0.008372951 0.999607146 87.375526428
0.999340594 0.023609640 -0.027585579 0.011008501 -0.023381446 0.999689937 0.008565814 -0.695749938 0.027779253 -0.007915175 0.999582887 88.535362244
0.999272287 0.024556678 -0.029190224 -0.022709370 -0.024307378 0.999665260 0.008865061 -0.701128304 0.029398151 -0.008149071 0.999534607 89.706809998
0.999217570 0.025499400 -0.030233728 -0.053419590 -0.025254222 0.999645233 0.008463932 -0.711777985 0.030438827 -0.007693780 0.999507010 90.887771606
0.999218822 0.024817642 -0.030754056 -0.088803053 -0.024580652 0.999665380 0.008060315 -0.717090845 0.030943805 -0.007298064 0.999494493 92.055091858
0.999253452 0.023217250 -0.030878924 -0.122439861 -0.022954348 0.999697387 0.008841540 -0.721995950 0.031074865 -0.008126136 0.999484003 93.225830078
0.999314606 0.020298559 -0.030956067 -0.151784182 -0.020011848 0.999754131 0.009543769 -0.725918770 0.031142183 -0.008917741 0.999475181 94.387428284
0.999369025 0.018412285 -0.030372869 -0.190086365 -0.018111810 0.999784529 0.010138404 -0.745710492 0.030552996 -0.009581898 0.999487221 95.571777344
0.999451756 0.015745547 -0.029125953 -0.217616796 -0.015456568 0.999829412 0.010120325 -0.747009277 0.029280331 -0.009664590 0.999524534 96.738693237
0.999525428 0.014153227 -0.027360935 -0.243625641 -0.013865844 0.999846876 0.010664825 -0.755348444 0.027507689 -0.010280381 0.999568701 97.905052185
0.999589026 0.014294935 -0.024848308 -0.279932737 -0.014050404 0.999851346 0.009987998 -0.764303088 0.024987394 -0.009634766 0.999641299 99.064384460
0.999665797 0.012462381 -0.022649819 -0.300939560 -0.012285262 0.999893010 0.007942284 -0.770281732 0.022746375 -0.007661370 0.999711931 100.222824097
0.999728739 0.012043984 -0.019938372 -0.326898813 -0.011933605 0.999912918 0.005645687 -0.780189455 0.020004634 -0.005406219 0.999785304 101.372787476
0.999762416 0.012686042 -0.017724106 -0.348534822 -0.012641123 0.999916613 0.002644006 -0.796506286 0.017756173 -0.002419326 0.999839425 102.521186829
0.999802172 0.012448933 -0.015510948 -0.363278270 -0.012425950 0.999921560 0.001577147 -0.811491847 0.015529366 -0.001384096 0.999878526 103.676116943
0.999838829 0.012415764 -0.012967316 -0.381043017 -0.012370730 0.999917209 0.003547385 -0.828587711 0.013010284 -0.003386398 0.999909639 104.818229675
0.999848962 0.013522797 -0.010918182 -0.397002697 -0.013455108 0.999889970 0.006249527 -0.841822505 0.011001494 -0.006101678 0.999920845 105.966835022
0.999867857 0.013327920 -0.009300778 -0.410416424 -0.013268122 0.999891043 0.006461999 -0.850436509 0.009385890 -0.006337742 0.999935865 107.114776611
0.999888062 0.012244833 -0.008596223 -0.420219779 -0.012194441 0.999908268 0.005890445 -0.861433804 0.008667562 -0.005784960 0.999945700 108.255737305
0.999906838 0.010766995 -0.008392870 -0.429172695 -0.010724289 0.999929368 0.005117073 -0.869737923 0.008447375 -0.005026589 0.999951661 109.396911621
0.999895811 0.011145215 -0.009171553 -0.439337254 -0.011095992 0.999923825 0.005400519 -0.881415367 0.009231044 -0.005298189 0.999943376 110.545425415
0.999890268 0.011338229 -0.009532874 -0.453613758 -0.011282990 0.999919355 0.005828761 -0.890552998 0.009598195 -0.005720563 0.999937534 111.694908142
0.999859154 0.013254796 -0.010293091 -0.467813790 -0.013196389 0.999896526 0.005721780 -0.903101802 0.010367868 -0.005585143 0.999930620 112.851852417
0.999842346 0.013950077 -0.010977077 -0.478491306 -0.013889369 0.999887943 0.005587377 -0.911919475 0.011053793 -0.005434032 0.999924183 114.001136780
0.999782443 0.017330131 -0.011605443 -0.497319639 -0.017266506 0.999835491 0.005560396 -0.924997091 0.011699896 -0.005358802 0.999917209 115.143180847
0.999743402 0.019000918 -0.012327941 -0.511604309 -0.018936142 0.999806404 0.005349549 -0.940422118 0.012427201 -0.005114732 0.999909699 116.321258545
0.999697387 0.020885445 -0.012995671 -0.529169977 -0.020820623 0.999770224 0.005103267 -0.946914136 0.013099268 -0.004831145 0.999902606 117.467102051
0.999631524 0.023565162 -0.013465872 -0.551723361 -0.023478918 0.999703050 0.006527185 -0.965252101 0.013615685 -0.006208615 0.999887943 118.612594604
0.999571919 0.025862062 -0.013678513 -0.569989562 -0.025767384 0.999643207 0.007053177 -0.976556122 0.013856040 -0.006697698 0.999881446 119.763916016
0.999515474 0.027982906 -0.013631076 -0.594744802 -0.027897887 0.999590337 0.006388109 -0.985860229 0.013804251 -0.006004736 0.999886632 120.891716003
0.999408484 0.031013416 -0.014861085 -0.598665833 -0.030932060 0.999505341 0.005673525 -0.996433616 0.015029692 -0.005210486 0.999873400 122.042228699
0.999367893 0.032777403 -0.013773731 -0.635901332 -0.032709464 0.999451756 0.005128980 -1.016286612 0.013934296 -0.004675205 0.999891996 123.167015076
0.999352336 0.033345044 -0.013533703 -0.656759143 -0.033292703 0.999437332 0.004074450 -1.024218082 0.013661952 -0.003621238 0.999900103 124.292503357
0.999330163 0.034169398 -0.013104443 -0.686137915 -0.034106523 0.999405801 0.004991761 -1.042166471 0.013267222 -0.004541471 0.999901652 125.411865234
0.999281645 0.035332829 -0.013702403 -0.690407515 -0.035235871 0.999352694 0.007253977 -1.064567447 0.013949835 -0.006765950 0.999879777 126.529624939
0.999255121 0.036114089 -0.013603912 -0.704089642 -0.036005832 0.999318540 0.008120836 -1.075615883 0.013887919 -0.007624967 0.999874473 127.648284912
0.999208987 0.037601139 -0.012946452 -0.724625170 -0.037508789 0.999269545 0.007304207 -1.085855484 0.013211643 -0.006812822 0.999889493 128.758666992
0.999184251 0.038534414 -0.012087194 -0.746673763 -0.038453128 0.999236643 0.006886070 -1.098568559 0.012343320 -0.006415660 0.999903202 129.870193481
0.999154508 0.039242260 -0.012259162 -0.752798259 -0.039148614 0.999202967 0.007787251 -1.110710859 0.012554978 -0.007300738 0.999894559 130.992431641
0.999153793 0.039465852 -0.011574915 -0.773100913 -0.039357685 0.999180615 0.009428295 -1.120932460 0.011937526 -0.008964757 0.999888599 132.096908569
0.999202132 0.038474131 -0.010715581 -0.785478175 -0.038351830 0.999199331 0.011394401 -1.126914144 0.011145390 -0.010974346 0.999877691 133.196456909
0.999292731 0.036042936 -0.010719077 -0.790970981 -0.035890907 0.999256909 0.014052841 -1.136753559 0.011217617 -0.013658185 0.999843776 134.301727295
0.999352694 0.034590393 -0.009897594 -0.807589412 -0.034454234 0.999313593 0.013612193 -1.143754005 0.010361654 -0.013262367 0.999858320 135.381988525
0.999402583 0.033082936 -0.010002515 -0.817565680 -0.032959323 0.999381185 0.012279865 -1.152961373 0.010402582 -0.011942850 0.999874651 136.462905884
0.999467909 0.031159209 -0.009643733 -0.825647175 -0.031045707 0.999449432 0.011703215 -1.153703928 0.010003083 -0.011397591 0.999885023 137.536697388
0.999530911 0.029151980 -0.009388314 -0.828210771 -0.029026477 0.999490976 0.013237716 -1.156021237 0.009769439 -0.012958998 0.999868333 138.618118286
0.999501109 0.030318754 -0.008845057 -0.845067680 -0.030188348 0.999438703 0.014521893 -1.150575161 0.009280377 -0.014247631 0.999855459 139.684265137
0.999566853 0.028001055 -0.009060700 -0.848397255 -0.027861757 0.999496877 0.015151089 -1.161864996 0.009480391 -0.014892079 0.999844074 140.753479004
0.999581218 0.027488461 -0.009051733 -0.859242082 -0.027356893 0.999522626 0.014351808 -1.163701296 0.009441922 -0.014098168 0.999855995 141.807617188
0.999603033 0.026712583 -0.008947472 -0.869856894 -0.026574234 0.999530792 0.015239271 -1.169127703 0.009350355 -0.014995452 0.999843776 142.861221313
0.999618173 0.026188929 -0.008814308 -0.878261447 -0.026043728 0.999529481 0.016203590 -1.169175386 0.009234515 -0.015967842 0.999829888 143.920837402
0.999618948 0.026386870 -0.008107043 -0.890466571 -0.026238546 0.999495625 0.017887771 -1.169831038 0.008574956 -0.017668240 0.999807239 144.967208862
0.999655724 0.025027178 -0.007879381 -0.897676706 -0.024883991 0.999532223 0.017774252 -1.171244144 0.008320536 -0.017572064 0.999810994 146.012252808
0.999707937 0.023008127 -0.007375642 -0.901996613 -0.022878584 0.999590397 0.017192002 -1.172162533 0.007768176 -0.017018236 0.999825060 147.053405762
0.999793053 0.019131033 -0.006921880 -0.907409608 -0.019033056 0.999721467 0.013954110 -1.175948620 0.007186909 -0.013819478 0.999878705 148.068222046
0.999810457 0.018278401 -0.006724843 -0.908717453 -0.018205257 0.999776125 0.010781853 -1.182551980 0.006920412 -0.010657381 0.999919295 149.093582153
0.999887586 0.013567152 -0.006385829 -0.908505619 -0.013520255 0.999881744 0.007330712 -1.189563990 0.006484530 -0.007243550 0.999952734 150.111862183
0.999885440 0.013853364 -0.006094058 -0.915834725 -0.013821380 0.999890685 0.005259139 -1.201993704 0.006166249 -0.005174309 0.999967635 151.127990723
0.999901593 0.013025602 -0.005208070 -0.919437230 -0.013001792 0.999904931 0.004580012 -1.214770079 0.005267232 -0.004511847 0.999975920 152.147613525
0.999874413 0.015202591 -0.004475201 -0.926984549 -0.015174514 0.999865294 0.006242464 -1.222703934 0.004569502 -0.006173770 0.999970436 153.151062012
0.999859691 0.016398741 -0.003391705 -0.928111076 -0.016366605 0.999822855 0.009294606 -1.234269381 0.003543524 -0.009237792 0.999951005 154.152572632
0.999806404 0.019566048 -0.002050849 -0.932801843 -0.019542888 0.999751151 0.010761938 -1.246247530 0.002260908 -0.010719776 0.999939919 155.142379761
0.999760628 0.021874137 -0.000504024 -0.933436930 -0.021868469 0.999717116 0.009353188 -1.252918363 0.000708474 -0.009339929 0.999956131 156.140167236
0.999716282 0.023782115 0.001367224 -0.937322736 -0.023791313 0.999691248 0.007164399 -1.261109352 -0.001196417 -0.007194895 0.999973357 157.121154785
0.999700427 0.024255743 0.003250613 -0.936808407 -0.024273442 0.999690115 0.005518980 -1.277715206 -0.003115739 -0.005596231 0.999979496 158.095458984
0.999669731 0.025143957 0.005322809 -0.937994778 -0.025171652 0.999669731 0.005201533 -1.293668032 -0.005190264 -0.005333798 0.999972284 159.069580078
0.999647260 0.025584390 0.007121420 -0.926695108 -0.025626203 0.999654531 0.005843009 -1.307858706 -0.006969469 -0.006023443 0.999957561 159.995117188
0.999656558 0.024598371 0.009035484 -0.917230844 -0.024671309 0.999663174 0.008051254 -1.317905664 -0.008834394 -0.008271405 0.999926746 160.929275513
0.999666452 0.023314307 0.011111592 -0.907551765 -0.023434740 0.999666631 0.010834440 -1.328764915 -0.010855290 -0.011091223 0.999879539 161.845565796
0.999659777 0.022321880 0.013494130 -0.896855354 -0.022498012 0.999661684 0.013044663 -1.339442968 -0.013198383 -0.013343816 0.999823809 162.751739502
0.999626338 0.022553507 0.015444488 -0.884291649 -0.022762628 0.999649823 0.013500935 -1.351022959 -0.015134586 -0.013847449 0.999789536 163.651199341
0.999599695 0.022333696 0.017369466 -0.867497921 -0.022553738 0.999666452 0.012577222 -1.357784986 -0.017082779 -0.012963933 0.999770045 164.523071289
0.999567032 0.022689212 0.018729536 -0.849311352 -0.022901624 0.999674916 0.011205468 -1.364969492 -0.018469203 -0.011629553 0.999761820 165.396453857
0.999536395 0.022494767 0.020517001 -0.835114241 -0.022698723 0.999694705 0.009762897 -1.372544765 -0.020291122 -0.010224082 0.999741852 166.239501953
0.999498904 0.023052933 0.021691637 -0.815123081 -0.023255827 0.999687672 0.009148393 -1.383450031 -0.021473967 -0.009648266 0.999722779 167.069915771
0.999462306 0.023106072 0.023266697 -0.794902086 -0.023320632 0.999687493 0.008992850 -1.388021708 -0.023051640 -0.009530608 0.999688864 167.882400513
0.999460995 0.022045316 0.024324276 -0.776047707 -0.022310043 0.999694228 0.010666222 -1.400097609 -0.024081698 -0.011203148 0.999647200 168.685546875
0.999478042 0.020034065 0.025340676 -0.757459641 -0.020330640 0.999727130 0.011500523 -1.406751037 -0.025103364 -0.012009713 0.999612749 169.463577271
0.999439538 0.020236824 0.026670486 -0.742303848 -0.020561859 0.999716938 0.011969698 -1.417975426 -0.026420714 -0.012511382 0.999572575 170.235961914
0.999400735 0.020613452 0.027807793 -0.726878166 -0.020899348 0.999731302 0.010029970 -1.428114772 -0.027593572 -0.010605126 0.999562979 170.966918945
0.999399483 0.020195205 0.028155716 -0.700103283 -0.020446556 0.999753296 0.008668026 -1.439222455 -0.027973719 -0.009238509 0.999565899 171.705856323
0.999408245 0.018256409 0.029152086 -0.674736023 -0.018466095 0.999805450 0.006939889 -1.444806576 -0.029019713 -0.007474108 0.999550879 172.398681641
0.999372065 0.018370848 0.030297907 -0.654859066 -0.018618513 0.999795377 0.007912410 -1.454717636 -0.030146357 -0.008471545 0.999509573 173.097564697
0.999314904 0.019369034 0.031536523 -0.633723259 -0.019651735 0.999769211 0.008679111 -1.465544701 -0.031361137 -0.009292914 0.999464869 173.761001587
0.999258041 0.019543462 0.033185143 -0.612198830 -0.019882897 0.999752939 0.009929470 -1.473827600 -0.032982893 -0.010581920 0.999399841 174.407867432
0.999206662 0.019088028 0.034952845 -0.592863083 -0.019451046 0.999760032 0.010075410 -1.482406616 -0.034752138 -0.010747285 0.999338150 175.039794922
0.999111354 0.019891733 0.037160087 -0.570668221 -0.020231701 0.999756634 0.008795143 -1.489206314 -0.036976095 -0.009539140 0.999270618 175.648666382
0.998996675 0.020182036 0.039979041 -0.543782234 -0.020464970 0.999768257 0.006680495 -1.497588873 -0.039834950 -0.007491962 0.999178171 176.244689941
0.998907089 0.018547481 0.042901214 -0.517515659 -0.018782048 0.999810755 0.005071030 -1.508742929 -0.042799044 -0.005871262 0.999066472 176.823226929
0.998782158 0.017681831 0.046060476 -0.490181923 -0.017932309 0.999826491 0.005030430 -1.511725783 -0.045963552 -0.005850274 0.998925924 177.381332397
0.998624682 0.017371094 0.049467187 -0.464395523 -0.017660288 0.999829292 0.005415038 -1.516253710 -0.049364693 -0.006281195 0.998760998 177.925476074
0.998445034 0.018944852 0.052428544 -0.436577797 -0.019268630 0.999798238 0.005676975 -1.523010492 -0.052310426 -0.006678372 0.998608530 178.449234009
0.998276770 0.019318407 0.055409104 -0.405849457 -0.019679422 0.999788463 0.005977148 -1.533805609 -0.055281915 -0.007057268 0.998445809 178.968200684
0.998114824 0.019083442 0.058331482 -0.376693726 -0.019535329 0.999783278 0.007186400 -1.542624235 -0.058181711 -0.008312376 0.998271406 179.465591431
0.997960925 0.019026823 0.060925156 -0.344531059 -0.019512439 0.999782324 0.007385661 -1.546880364 -0.060771365 -0.008559400 0.998115003 179.947662354
0.997811198 0.017047230 0.063891977 -0.310022354 -0.017570473 0.999816477 0.007636602 -1.550960422 -0.063750073 -0.008742498 0.997927547 180.412521362
0.997672081 0.016535142 0.066158421 -0.278576851 -0.017145384 0.999815583 0.008666826 -1.554236293 -0.066002890 -0.009780962 0.997771442 180.869812012
0.997550249 0.018741310 0.067397401 -0.247673988 -0.019348020 0.999777853 0.008360441 -1.559825897 -0.067225747 -0.009643966 0.997691154 181.311111450
0.997431755 0.021149470 0.068429105 -0.224979401 -0.021669989 0.999741554 0.006873282 -1.571561933 -0.068266049 -0.008338488 0.997632325 181.732757568
0.997409284 0.022323560 0.068383031 -0.197759628 -0.022804847 0.999720275 0.006265452 -1.576806784 -0.068224028 -0.007808687 0.997639477 182.142990112
0.997445941 0.023117362 0.067580573 -0.179321289 -0.023634996 0.999697030 0.006869939 -1.578938484 -0.067401290 -0.008449662 0.997690141 182.534164429
0.997604787 0.022956189 0.065250829 -0.154025078 -0.023466552 0.999699593 0.007065831 -1.580003381 -0.065069035 -0.008580117 0.997843802 182.908660889
0.997741282 0.024273554 0.062634274 -0.143540382 -0.024735441 0.999672115 0.006609411 -1.585067987 -0.062453307 -0.008143769 0.998014688 183.253341675
0.997924566 0.025994482 0.058914073 -0.121615410 -0.026408780 0.999631643 0.006264486 -1.583237052 -0.058729537 -0.007807334 0.998243451 183.590957642
0.998127162 0.028027907 0.054375745 -0.118568420 -0.028534258 0.999556065 0.008557985 -1.595583677 -0.054111749 -0.010093529 0.998483956 183.900650024
0.998350561 0.030539982 0.048616014 -0.109788895 -0.031081457 0.999462426 0.010420836 -1.599245548 -0.048271637 -0.011914703 0.998763323 184.202667236
0.998592973 0.032145511 0.042174004 -0.114936352 -0.032656703 0.999400616 0.011488605 -1.609319925 -0.041779406 -0.012849704 0.999044240 184.468826294
0.998861074 0.033446528 0.034030430 -0.112460136 -0.033881601 0.999350309 0.012289352 -1.614149570 -0.033597283 -0.013428358 0.999345303 184.728088379
0.999077916 0.034656901 0.025343060 -0.120410442 -0.034978546 0.999311626 0.012360238 -1.611339331 -0.024897248 -0.013235303 0.999602437 184.959869385
0.999217987 0.036321566 0.015631443 -0.125079393 -0.036518764 0.999254525 0.012520026 -1.613669634 -0.015165046 -0.013081075 0.999799490 185.176742554
0.999268591 0.037797038 0.005795184 -0.133219004 -0.037868205 0.999201953 0.012706988 -1.612215042 -0.005310272 -0.012917147 0.999902487 185.379379272
0.999218702 0.039311636 -0.004086867 -0.144098163 -0.039254967 0.999142885 0.013128224 -1.611621141 0.004599457 -0.012957536 0.999905467 185.564407349
0.999082446 0.040699828 -0.013334570 -0.159685373 -0.040521070 0.999088585 0.013412687 -1.608648539 0.013868315 -0.012860049 0.999821126 185.732086182
0.998856902 0.042094998 -0.022650514 -0.177095890 -0.041775506 0.999023199 0.014399023 -1.610648870 0.023234516 -0.013436324 0.999639809 185.885726929
0.998491108 0.043808665 -0.033111818 -0.198113918 -0.043369975 0.998962939 0.013853392 -1.609635592 0.033684373 -0.012396426 0.999355614 186.019790649
0.997955561 0.045579165 -0.044803038 -0.213587761 -0.045074653 0.998908997 0.012207792 -1.608808279 0.045310590 -0.010163352 0.998921275 186.162155151
0.997343123 0.046066195 -0.056432668 -0.235079765 -0.045454759 0.998893440 0.012071529 -1.615520477 0.056926318 -0.009474323 0.998333454 186.294982910
0.996436834 0.047013637 -0.070024408 -0.253160477 -0.046214372 0.998847067 0.012991573 -1.613729000 0.070554450 -0.009709149 0.997460723 186.441070557
0.995406866 0.047662411 -0.083027184 -0.280668259 -0.046585776 0.998803735 0.014857786 -1.613457203 0.083636023 -0.010921656 0.996436477 186.574279785
0.994159281 0.048826933 -0.096246511 -0.307580948 -0.047482021 0.998740494 0.016216073 -1.611235857 0.096917056 -0.011551380 0.995225489 186.709152222
0.992656231 0.050240513 -0.110043481 -0.343427658 -0.048609771 0.998665392 0.017453721 -1.611231804 0.110773489 -0.011976357 0.993773580 186.847793579
0.990889370 0.051238924 -0.124551237 -0.373792648 -0.049290530 0.998609781 0.018676998 -1.608433008 0.125335097 -0.012367643 0.992037416 186.979049683
0.988903224 0.051144253 -0.139480054 -0.402023315 -0.048927683 0.998616159 0.019276883 -1.608106136 0.140272960 -0.012238538 0.990037203 187.111251831
0.986444056 0.051429912 -0.155830473 -0.440879822 -0.049053341 0.998614311 0.019060882 -1.607461214 0.156594828 -0.011158489 0.987599909 187.248809814
0.983373344 0.051073436 -0.174265847 -0.481651306 -0.048666880 0.998651862 0.018057916 -1.604501963 0.174953207 -0.009276696 0.984533072 187.402267456
0.979688466 0.050463300 -0.194072470 -0.540954590 -0.048166707 0.998702347 0.016537415 -1.597186804 0.194655210 -0.006853683 0.980847776 187.562377930
0.974935412 0.050272238 -0.216734186 -0.593173981 -0.047840316 0.998719454 0.016456306 -1.595733881 0.217283934 -0.005675204 0.976091921 187.728759766
0.969140172 0.050015058 -0.241382897 -0.664268494 -0.047135822 0.998731852 0.017691419 -1.594877005 0.241961598 -0.005767682 0.970268667 187.926925659
0.962029755 0.050473109 -0.268237531 -0.752372742 -0.047060575 0.998708546 0.019140759 -1.586527586 0.268857211 -0.005790567 0.963162541 188.138809204
0.953366578 0.051530410 -0.297383219 -0.848602295 -0.047451898 0.998654306 0.020922551 -1.585788012 0.298061222 -0.005835461 0.954528928 188.346038818
0.942916870 0.051775716 -0.328978837 -0.961330414 -0.046794698 0.998638690 0.023046209 -1.578106880 0.329724252 -0.006336193 0.944056034 188.582656860
0.930817008 0.052278630 -0.361727387 -1.088878632 -0.046150107 0.998607218 0.025567636 -1.569117546 0.362560272 -0.007105028 0.931933165 188.820678711
0.916963696 0.051404946 -0.395645350 -1.232887268 -0.043825109 0.998641729 0.028179515 -1.560071945 0.396556497 -0.008500391 0.917970955 189.069793701
0.900679231 0.051213093 -0.431455851 -1.382827759 -0.042079687 0.998642683 0.030694399 -1.552241325 0.432442188 -0.009490276 0.901611745 189.330673218
0.882188261 0.050433680 -0.468188375 -1.543914795 -0.039731838 0.998674750 0.032713078 -1.547780037 0.469217747 -0.010257114 0.883022904 189.571090698
0.861336529 0.051126357 -0.505455792 -1.739227295 -0.038676936 0.998635113 0.035102397 -1.533293247 0.506560504 -0.010685494 0.862138152 189.842361450
0.838119864 0.052894581 -0.542915344 -1.955856323 -0.038197737 0.998535275 0.038316865 -1.520308495 0.544146955 -0.011375992 0.838912845 190.110656738
0.812561095 0.054204088 -0.580350280 -2.198661804 -0.037508354 0.998465478 0.040739346 -1.500221729 0.581667900 -0.011335224 0.813347280 190.390869141
0.785136044 0.056570958 -0.616734147 -2.447372437 -0.037267752 0.998330474 0.044129632 -1.490826130 0.618200898 -0.011663469 0.785933554 190.646240234
0.755866468 0.058990970 -0.652062833 -2.724960327 -0.037775815 0.998202980 0.046516221 -1.471498489 0.653635085 -0.010527844 0.756736517 190.917098999
0.725537181 0.060262419 -0.685539365 -3.034080505 -0.037770424 0.998144031 0.047767848 -1.444897652 0.687145650 -0.008764238 0.726466835 191.194000244
0.694691122 0.060563944 -0.716754019 -3.340484619 -0.035398994 0.998120248 0.050029363 -1.433532238 0.718436658 -0.009382583 0.695529163 191.450927734
0.663681448 0.061166849 -0.745510280 -3.678787231 -0.032156657 0.998062789 0.053260926 -1.407697201 0.747323990 -0.011375167 0.664362550 191.720123291
0.632721066 0.062288314 -0.771870613 -4.042228699 -0.028049143 0.997949123 0.057539813 -1.383785725 0.773871660 -0.014756337 0.633170605 191.981323242
0.600815594 0.063672215 -0.796847820 -4.428176880 -0.023938499 0.997808814 0.061680630 -1.357926369 0.799029112 -0.017983342 0.601023316 192.249191284
0.567983687 0.065430380 -0.820434868 -4.841079712 -0.021287875 0.997669458 0.064827472 -1.327167034 0.822764516 -0.019355634 0.568052769 192.507080078
0.533482432 0.065786667 -0.843248844 -5.280464172 -0.015687104 0.997568727 0.067901582 -1.292014122 0.845665634 -0.022996163 0.533217371 192.761566162
0.496911108 0.068859495 -0.865065098 -5.747787476 -0.011061613 0.997268498 0.073028892 -1.263907433 0.867730856 -0.026719861 0.496315598 193.005340576
0.459223211 0.070479438 -0.885520518 -6.232025146 -0.005009877 0.997037232 0.076757081 -1.226003170 0.888306737 -0.030812288 0.458215803 193.236297607
0.421618342 0.071562327 -0.903945088 -6.743148804 -0.001901207 0.996948600 0.078038312 -1.190844536 0.906771362 -0.031183809 0.420467913 193.448043823
0.384653687 0.071852669 -0.920260131 -7.263328552 -0.001920017 0.997025847 0.077043898 -1.150897026 0.923058987 -0.027868297 0.383647621 193.629104614
0.349587679 0.070572093 -0.934241891 -7.812068939 0.000184874 0.997153759 0.075393602 -1.107928753 0.936903656 -0.026529385 0.348579645 193.810852051
0.317867875 0.068091840 -0.945686936 -8.352863312 0.003821102 0.997317731 0.073093750 -1.069500923 0.948127329 -0.026847726 0.316755116 193.980316162
0.289238781 0.063931115 -0.955119789 -8.941143036 0.007401280 0.997588038 0.069015056 -1.028083801 0.957228363 -0.027030941 0.288068056 194.140258789
0.262192398 0.062446315 -0.962993026 -9.550613403 0.008458139 0.997717083 0.067000896 -0.987530231 0.964978576 -0.025712255 0.261065632 194.286529541
0.236123189 0.062278315 -0.969725370 -10.165683746 0.007438516 0.997798979 0.065892503 -0.955618858 0.971694648 -0.022772066 0.235140160 194.420928955
0.209933296 0.061711315 -0.975766242 -10.809661865 0.008541781 0.997852206 0.064945854 -0.915165663 0.977678418 -0.021969078 0.208955288 194.544052124
0.182970420 0.062992498 -0.981098354 -11.470252991 0.009808263 0.997778535 0.065892674 -0.874934435 0.983069539 -0.021679280 0.181946129 194.655395508
0.157677144 0.064880885 -0.985356987 -12.153930664 0.011690562 0.997646630 0.067560844 -0.835633039 0.987421632 -0.022172177 0.156547561 194.749694824
0.134226307 0.067462273 -0.988651693 -12.845737457 0.009782966 0.997541130 0.069397055 -0.794985294 0.990902543 -0.018986858 0.133236274 194.823928833
0.113263153 0.070036456 -0.991093516 -13.559457779 0.007309212 0.997426748 0.071319304 -0.752256870 0.993538141 -0.015321960 0.112459771 194.891754150
0.095262565 0.071762577 -0.992862105 -14.283342361 0.005822817 0.997340798 0.072644979 -0.707688093 0.995435178 -0.012701602 0.094591387 194.945510864
0.080019377 0.071772717 -0.994206011 -15.019702911 0.004693272 0.997366130 0.072378583 -0.660241365 0.996782243 -0.010457769 0.079471767 194.991912842
0.067623153 0.071667083 -0.995133579 -15.775108337 0.004612683 0.997383714 0.072142571 -0.610916853 0.997700214 -0.009468745 0.067115627 195.033294678
0.058255590 0.071306534 -0.995751739 -16.541721344 0.004395284 0.997417748 0.071682975 -0.563458562 0.998292029 -0.008552544 0.057791751 195.072143555
0.051074363 0.071988925 -0.996096849 -17.316032410 0.004231588 0.997374058 0.072298191 -0.514845490 0.998685896 -0.007907657 0.050635621 195.104614258
0.045538396 0.073252290 -0.996273160 -18.139301300 0.004995270 0.997278631 0.073554523 -0.463301301 0.998950064 -0.008326211 0.045048557 195.138229370
0.041187219 0.074168593 -0.996394873 -18.941383362 0.005439858 0.997209609 0.074454099 -0.410336614 0.999136686 -0.008486803 0.040668830 195.164443970
0.037173152 0.076640531 -0.996365607 -19.773685455 0.006283917 0.997017086 0.076925099 -0.357024431 0.999289095 -0.009120625 0.036580663 195.196136475
0.033454515 0.079280503 -0.996290863 -20.583675385 0.007902976 0.996796668 0.079586118 -0.303282261 0.999408960 -0.010536178 0.032720797 195.219375610
0.029594369 0.080400519 -0.996323228 -21.426179886 0.009055594 0.996697307 0.080699712 -0.247511387 0.999520898 -0.011410554 0.028768552 195.247909546
0.026865531 0.078802288 -0.996528149 -22.255365372 0.009613365 0.996821523 0.079084657 -0.193041801 0.999592781 -0.011704639 0.026022587 195.264739990
0.025062887 0.074563012 -0.996901333 -23.107303619 0.008861938 0.997158945 0.074805073 -0.137831211 0.999646544 -0.010709310 0.024330908 195.281661987
0.024511855 0.069885015 -0.997253776 -23.970516205 0.008409019 0.997503877 0.070109218 -0.080545664 0.999664187 -0.010104434 0.023863005 195.302780151
0.024711382 0.066574842 -0.997475326 -24.826660156 0.008530147 0.997729719 0.066803113 -0.029356122 0.999658227 -0.010159410 0.024087388 195.320831299
0.025274817 0.065605365 -0.997525513 -25.709619522 0.006260835 0.997814357 0.065782979 0.023253322 0.999661028 -0.007907993 0.024808828 195.342117310
0.026873147 0.065792039 -0.997471452 -26.590476990 0.005095853 0.997809827 0.065951653 0.075314999 0.999625862 -0.006855298 0.026479024 195.367950439
0.028695801 0.069457322 -0.997172117 -27.473638535 0.003801968 0.997568071 0.069594324 0.125169277 0.999580979 -0.005788281 0.028361943 195.389923096
0.030668091 0.074352331 -0.996760368 -28.367160797 0.002604309 0.997220159 0.074466757 0.174827099 0.999526262 -0.004879626 0.030389201 195.418777466
0.032899629 0.076912023 -0.996494949 -29.265172958 0.000995025 0.997031569 0.076986320 0.228494167 0.999458134 -0.003524358 0.032725438 195.439865112
0.034874715 0.076430216 -0.996464849 -30.166158676 0.001491007 0.997066259 0.076528534 0.291275740 0.999390662 -0.004154647 0.034658443 195.475326538
0.036604378 0.074991286 -0.996512115 -31.078369141 0.002081720 0.997172534 0.075117446 0.351661682 0.999327660 -0.004824087 0.036344770 195.509140015
0.038822088 0.074276373 -0.996481657 -31.980926514 0.004016335 0.997213840 0.074487425 0.405912399 0.999238014 -0.006893962 0.038415611 195.544219971
0.040468249 0.074661978 -0.996387422 -32.903533936 0.004138813 0.997183144 0.074889712 0.467719078 0.999172270 -0.007154517 0.040045243 195.586822510
0.042649355 0.075357333 -0.996244073 -33.831008911 0.004469403 0.997126997 0.075615466 0.528296471 0.999080122 -0.007677568 0.042190023 195.628036499
0.044394545 0.075381622 -0.996165931 -34.763427734 0.004894808 0.997120678 0.075672008 0.582792521 0.999002099 -0.008235466 0.043897741 195.669067383
0.046366233 0.073925346 -0.996185303 -35.692619324 0.005581941 0.997223079 0.074262172 0.646787405 0.998908937 -0.009003904 0.045824826 195.715591431
